{
  "status": "safe",
  "safety_failures": [],
  "coordinates": {
    "x": [-500, -400, -300, -200, -100, 0, 100, 200, 300, 400, 500],
    "y": [-500, -400, -300, -200, -100, 0, 100, 200, 300, 400, 500],
    "z": [-25, -20, -15, -10, -5, 0]
  },
  "fields": {
    "alkalinity": [
      [2400, 2420, 2450, 2500, 2600, 2800, 2600, 2500, 2450, 2420, 2400],
      [2420, 2450, 2500, 2600, 2750, 2900, 2750, 2600, 2500, 2450, 2420],
      [2450, 2500, 2600, 2750, 2900, 3100, 2900, 2750, 2600, 2500, 2450],
      [2500, 2600, 2750, 2900, 3100, 3300, 3100, 2900, 2750, 2600, 2500],
      [2600, 2750, 2900, 3100, 3300, 3400, 3300, 3100, 2900, 2750, 2600],
      [2800, 2900, 3100, 3300, 3400, 3450, 3400, 3300, 3100, 2900, 2800],
      [2600, 2750, 2900, 3100, 3300, 3400, 3300, 3100, 2900, 2750, 2600],
      [2500, 2600, 2750, 2900, 3100, 3300, 3100, 2900, 2750, 2600, 2500],
      [2450, 2500, 2600, 2750, 2900, 3100, 2900, 2750, 2600, 2500, 2450],
      [2420, 2450, 2500, 2600, 2750, 2900, 2750, 2600, 2500, 2450, 2420],
      [2400, 2420, 2450, 2500, 2600, 2800, 2600, 2500, 2450, 2420, 2400]
    ],
    "aragonite_saturation": [
      [4.0, 4.2, 4.5, 5.0, 6.0, 8.0, 6.0, 5.0, 4.5, 4.2, 4.0],
      [4.2, 4.5, 5.0, 6.0, 7.5, 9.0, 7.5, 6.0, 5.0, 4.5, 4.2],
      [4.5, 5.0, 6.0, 7.5, 9.0, 11.0, 9.0, 7.5, 6.0, 5.0, 4.5],
      [5.0, 6.0, 7.5, 9.0, 11.0, 13.0, 11.0, 9.0, 7.5, 6.0, 5.0],
      [6.0, 7.5, 9.0, 11.0, 13.0, 14.0, 13.0, 11.0, 9.0, 7.5, 6.0],
      [8.0, 9.0, 11.0, 13.0, 14.0, 14.5, 14.0, 13.0, 11.0, 9.0, 8.0],
      [6.0, 7.5, 9.0, 11.0, 13.0, 14.0, 13.0, 11.0, 9.0, 7.5, 6.0],
      [5.0, 6.0, 7.5, 9.0, 11.0, 13.0, 11.0, 9.0, 7.5, 6.0, 5.0],
      [4.5, 5.0, 6.0, 7.5, 9.0, 11.0, 9.0, 7.5, 6.0, 5.0, 4.5],
      [4.2, 4.5, 5.0, 6.0, 7.5, 9.0, 7.5, 6.0, 5.0, 4.5, 4.2],
      [4.0, 4.2, 4.5, 5.0, 6.0, 8.0, 6.0, 5.0, 4.5, 4.2, 4.0]
    ]
  },
  "summary": {
    "max_aragonite_saturation": 14.5,
    "max_total_alkalinity": 3450,
    "grid_size": [11, 11, 6],
    "simulation_duration_s": 3600
  },
  "params": {
    "vessel_speed": 5.0,
    "discharge_rate": 0.1,
    "feedstock_type": "olivine",
    "temperature": 15.0,
    "salinity": 35.0
  }
}
